4483
28229
13035
7471
12327
31675
32054
32239
12056
1794
17770
3782
17769
14508
24178
13425
9842
17461
17673
35
14354
26073
21265
13390
9580
3479
25719
825
17156
2112
28074
3469
22925
25194
29432
20888
31164
24479
29350
8936
29719
23330
28645
23799
6241
20612
18614
21462
16649
24164
8860
2723
1518
27651
28399
15064
5875
25779
24739
4950
9586
14965
9694
15206
25326
16833
8358
10796
26040
22082
11115
10759
25385
16069
17280
22277
10716
26334
17596
13668
31258
4328
4822
28068
24425
13066
7289
2638
20950
29901
28536
5
651
9024
24263
14109
10449
23638
14174
15995
